Matrix A
2.000 1.000 1.000 1.000 
1.000 3.000 2.000 2.000 
1.000 2.000 4.000 3.000 
1.000 2.000 3.000 5.000 

Matrix L
1.414 0.000 0.000 0.000 
0.707 1.581 0.000 0.000 
0.707 0.949 1.612 0.000 
0.707 0.949 0.992 1.617 

Matrix A created by LL^T
2.000 1.000 1.000 1.000 
1.000 3.000 2.000 2.000 
1.000 2.000 4.000 3.000 
1.000 2.000 3.000 5.000 

Vector b
8.40188 3.94383 7.83099 7.9844 

Vector x solved by Ax = b: Ly = b -> L^Tx = y
3.91394 -1.11811 1.07694 0.615174 

New vector b created by Ax = b
8.40188 3.94383 7.83099 7.9844 

Inverse matrix A
0.618 -0.147 -0.059 -0.029 
-0.147 0.559 -0.176 -0.088 
-0.059 -0.176 0.529 -0.235 
-0.029 -0.088 -0.235 0.382 

Matrix A
2.000 1.000 1.000 1.000 
1.000 3.000 2.000 2.000 
1.000 2.000 4.000 3.000 
1.000 2.000 3.000 5.000 

Identity matrix I created by AA^-1
1.000 0.000 0.000 0.000 
0.000 1.000 -0.000 0.000 
0.000 0.000 1.000 0.000 
0.000 0.000 0.000 1.000 

det(A)
34
